 lattice_pars_list
&LATTICE_PARS_LIST
 LATTICE_PARS%NAME="Au",
 LATTICE_PARS%ETA2=  3.8435700000000002     ,
 LATTICE_PARS%N0=  1.7325000000000000E-002,
 LATTICE_PARS%E0= -3.7999999999999998     ,
 LATTICE_PARS%LAMBDA=  4.1233800000000000     ,
 LATTICE_PARS%V0=  2.3210000000000002     ,
 LATTICE_PARS%KAPPA=  6.5950699999999998     ,
 LATTICE_PARS%S0=  1.6417400000000000     ,
 /
 particle_pars_list
&PARTICLE_PARS_LIST
 PARTICLE_PARS%NAME="H ",
 PARTICLE_PARS%ETA2=  1.5812600000000001     ,
 PARTICLE_PARS%N0= 0.29557699999999998     ,
 PARTICLE_PARS%E0= -2.3710000000000000     ,
 PARTICLE_PARS%LAMBDA=  1.7676400000000001     ,
 PARTICLE_PARS%V0= 0.66765500000000000     ,
 PARTICLE_PARS%KAPPA=  2.9771100000000001     ,
 PARTICLE_PARS%S0= 0.68041099999999999     ,
 /
