 lattice_pars_list
&LATTICE_PARS_LIST
 LATTICE_PARS%NAME="Au",
 LATTICE_PARS%ETA2=  3.1634000000000002     ,
 LATTICE_PARS%KAPPA=  5.4291799999999997     ,
 LATTICE_PARS%LAMBDA=  4.1233800000000000     ,
 LATTICE_PARS%E0= -3.7999999999999998     ,
 LATTICE_PARS%N0=  4.7440799999999998E-002,
 LATTICE_PARS%S0=  1.6417400000000000     ,
 LATTICE_PARS%V0=  2.3210000000000002     ,
 /
 particle_pars_list
&PARTICLE_PARS_LIST
 PARTICLE_PARS%NAME="H ",
 PARTICLE_PARS%ETA2=  5.4253999999999998     ,
 PARTICLE_PARS%KAPPA=  8.8628199999999993     ,
 PARTICLE_PARS%LAMBDA=  7.7270899999999996     ,
 PARTICLE_PARS%E0= -2.3710000000000000     ,
 PARTICLE_PARS%N0= 0.18220500000000001     ,
 PARTICLE_PARS%S0= 0.68041099999999999     ,
 PARTICLE_PARS%V0= 0.42699999999999999     ,
 /


the reference energy =  43.06635 eV


