 
  D
 NO OF DATA POINTS IS 101   NO OF PARAMETERS IS  4   NO OF INDEPENDENT VARIABLES IS  1
 DELTA= 0.99999997E-05   E= 0.49999999E-04   FF= 0.40000000E+01   GAMCR= 0.45000000E+02
   T= 0.20000000E+01   TAU= 0.10000000E-02   ZETA= 0.99999998E-31   AL= 0.10000000E+00
 XXXXXXXXXXXXXXXXXXXXXXXXXXXXXXXXXXXXXXXXXXXXXXXXXXXXXXXXXXXXXXXXXXXXXXXXXXXXXXXXXXXXXXXXXXXXXXXXXXX
 

 NO OF ITERATIONS =  1
 PHI = 0.63200989E+01    LAMBDA = 0.99999994E-01
 PARAMETERS
    0.63292331E+00   0.57487386E+00   0.36787689E-01   0.13941118E+00
 GAMMA = 0.43059151E+02    LENGTH OF DB = 0.35065732E+01
 DB CORRECTION VECTOR
    0.13292329E+00   0.27487385E+00  -0.46321231E+00   0.39411187E-01
 XXXXXXXXXXXXXXXXXXXXXXXXXXXXXXXXXXXXXXXXXXXXXXXXXXXXXXXXXXXXXXXXXXXXXXXXXXXXXXXXXXXXXXXXXXXXXXXXXXX
 

 NO OF ITERATIONS =  2
 PHI = 0.55222470E+00    LAMBDA = 0.99999998E-02
 PARAMETERS
    0.91757166E+00   0.53022552E+00   0.10755992E+00   0.13472825E+00
 GAMMA = 0.35126205E+02    LENGTH OF DB = 0.21828430E+01
 DB CORRECTION VECTOR
    0.28464833E+00  -0.44648364E-01   0.70772231E-01  -0.46829339E-02
 XXXXXXXXXXXXXXXXXXXXXXXXXXXXXXXXXXXXXXXXXXXXXXXXXXXXXXXXXXXXXXXXXXXXXXXXXXXXXXXXXXXXXXXXXXXXXXXXXXX
 

 NO OF ITERATIONS =  3
 PHI = 0.95649585E-01    LAMBDA = 0.99999993E-03
 PARAMETERS
    0.99053687E+00   0.49273032E+00   0.10607166E+00   0.53335570E-01
 GAMMA = 0.36338688E+02    LENGTH OF DB = 0.11552827E+01
 DB CORRECTION VECTOR
    0.72965212E-01  -0.37495192E-01  -0.14882581E-02  -0.81392683E-01
 XXXXXXXXXXXXXXXXXXXXXXXXXXXXXXXXXXXXXXXXXXXXXXXXXXXXXXXXXXXXXXXXXXXXXXXXXXXXXXXXXXXXXXXXXXXXXXXXXXX
 

 NO OF ITERATIONS =  4
 PHI = 0.84553801E-01    LAMBDA = 0.99999990E-04
 PARAMETERS
    0.99441540E+00   0.49721602E+00   0.10003107E+00   0.53420804E-01
 GAMMA = 0.17374060E+02    LENGTH OF DB = 0.10708813E+00
 DB CORRECTION VECTOR
    0.38785117E-02   0.44857059E-02  -0.60405848E-02   0.85236177E-04
 XXXXXXXXXXXXXXXXXXXXXXXXXXXXXXXXXXXXXXXXXXXXXXXXXXXXXXXXXXXXXXXXXXXXXXXXXXXXXXXXXXXXXXXXXXXXXXXXXXX
 

 NO OF ITERATIONS =  5
 PHI = 0.84533259E-01    LAMBDA = 0.99999988E-05
 PARAMETERS
    0.99460655E+00   0.49719486E+00   0.99758089E-01   0.53259853E-01
 GAMMA = 0.22466604E+02    LENGTH OF DB = 0.34407545E-02
 DB CORRECTION VECTOR
    0.19118142E-03  -0.21155396E-04  -0.27298130E-03  -0.16095229E-03
 XXXXXXXXXXXXXXXXXXXXXXXXXXXXXXXXXXXXXXXXXXXXXXXXXXXXXXXXXXXXXXXXXXXXXXXXXXXXXXXXXXXXXXXXXXXXXXXXXXX
 

 NO OF ITERATIONS =  6
 PHI = 0.84527344E-01    LAMBDA = 0.99999988E-06
 PARAMETERS
    0.99479020E+00   0.49716079E+00   0.99687971E-01   0.53018603E-01
 GAMMA = 0.41164139E+02    LENGTH OF DB = 0.28763341E-02
 DB CORRECTION VECTOR
    0.18362299E-03  -0.34051562E-04  -0.70116723E-04  -0.24124871E-03
 XXXXXXXXXXXXXXXXXXXXXXXXXXXXXXXXXXXXXXXXXXXXXXXXXXXXXXXXXXXXXXXXXXXXXXXXXXXXXXXXXXXXXXXXXXXXXXXXXXX
 

 NO OF ITERATIONS =  7
 PHI = 0.84526375E-01    LAMBDA = 0.99999987E-07
 PARAMETERS
    0.99507660E+00   0.49712270E+00   0.99764109E-01   0.52739765E-01
 GAMMA = 0.41274460E+02    LENGTH OF DB = 0.72670919E-02
 DB CORRECTION VECTOR
    0.28640096E-03  -0.38085196E-04   0.76133780E-04  -0.27883926E-03
 
  D
 CONVERGENCE BY GAMMA EPSILON TEST
 CORRECTION VECTOR FOR LAST ITERATION WAS NOT USED

 NO OF ITERATIONS =  8
 PHI = 0.84526375E-01    LAMBDA = 0.99999991E-08
 PARAMETERS
    0.99507660E+00   0.49712270E+00   0.99764109E-01   0.52739765E-01
 GAMMA = 0.39247597E+02    LENGTH OF DB = 0.20286634E-02
 DB CORRECTION VECTOR
    0.22209178E-05  -0.47223455E-06  -0.74762788E-07  -0.26208234E-05

 PTP MATRIX

 COLUMNS   1  THROUGH   4
    0.46671494E+02  -0.49871998E+02  -0.19854488E+02   0.49773304E+02
   -0.49871998E+02   0.39710730E+03   0.45812961E+00  -0.99902344E+02
   -0.19854488E+02   0.45812961E+00   0.99523163E+02   0.21549088E+00
    0.49773304E+02  -0.99902344E+02   0.21549088E+00   0.99790916E+02

 PTP CORRELATION COEFFICIENTS

 COLUMNS   1  THROUGH   4
    1.0000  -0.3663  -0.2913   0.7293
   -0.3663   1.0000   0.0023  -0.5019
   -0.2913   0.0023   1.0000   0.0022
    0.7293  -0.5019   0.0022   1.0000

 PTP INVERSE

 COLUMNS   1  THROUGH   4
    0.56048069E-01  -0.17365219E-04   0.11242075E-01  -0.27997086E-01
   -0.17365130E-04   0.33660016E-02  -0.26274007E-04   0.33784786E-02
    0.11242075E-01  -0.26274021E-04   0.12303039E-01  -0.56601465E-02
   -0.27997086E-01   0.33784783E-02  -0.56601465E-02   0.27379695E-01

 PARAMETER CORRELATION COEFFICIENTS

 COLUMNS   1  THROUGH   4
    1.0000  -0.0013   0.4281  -0.7147
   -0.0013   1.0000  -0.0041   0.3519
    0.4281  -0.0041   1.0000  -0.3084
   -0.7147   0.3519  -0.3084   1.0000

                X            OBSERVED           PREDICTED          RESIDUAL

    1    0.00000000E+00     0.99755958E-01     0.52739765E-01     0.47016192E-01
    2    0.99999998E-02     0.56682467E-01     0.52739765E-01     0.39427020E-02
    3    0.20000000E-01     0.96591532E-01     0.52739765E-01     0.43851767E-01
    4    0.29999999E-01     0.74792765E-01     0.52739765E-01     0.22053000E-01
    5    0.39999999E-01     0.36739089E-01     0.52739765E-01    -0.16000677E-01
    6    0.50000001E-01     0.48063692E-01     0.52739765E-01    -0.46760738E-02
    7    0.59999999E-01     0.73754257E-02     0.52739765E-01    -0.45364339E-01
    8    0.70000000E-01     0.53551851E-03     0.52739765E-01    -0.52204248E-01
    9    0.79999998E-01     0.34708127E-01     0.52739765E-01    -0.18031638E-01
   10    0.90000004E-01     0.34224384E-01     0.52739769E-01    -0.18515386E-01
   11    0.10000000E+00     0.21795180E-01     0.52739773E-01    -0.30944593E-01
   12    0.11000000E+00     0.13316053E-01     0.52739784E-01    -0.39423730E-01
   13    0.12000000E+00     0.90052493E-01     0.52739810E-01     0.37312683E-01
   14    0.13000000E+00     0.38676679E-01     0.52739862E-01    -0.14063183E-01
   15    0.14000000E+00     0.44548403E-01     0.52739970E-01    -0.81915669E-02
   16    0.15000001E+00     0.66193588E-01     0.52740194E-01     0.13453394E-01
   17    0.16000000E+00     0.16115885E-02     0.52740641E-01    -0.51129051E-01
   18    0.17000000E+00     0.65087013E-01     0.52741524E-01     0.12345489E-01
   19    0.18000001E+00     0.64643897E-01     0.52743219E-01     0.11900678E-01
   20    0.19000000E+00     0.32304551E-01     0.52746426E-01    -0.20441875E-01
   21    0.20000000E+00     0.85580282E-01     0.52752364E-01     0.32827917E-01
   22    0.20999999E+00     0.40149238E-01     0.52763142E-01    -0.12613904E-01
   23    0.22000000E+00     0.20724937E-01     0.52782316E-01    -0.32057378E-01
   24    0.23000000E+00     0.96921109E-01     0.52815747E-01     0.44105362E-01
   25    0.23999999E+00     0.59957970E-01     0.52872874E-01     0.70850961E-02
   26    0.25000000E+00     0.67501552E-01     0.52968565E-01     0.14532987E-01
   27    0.25999999E+00     0.46032488E-01     0.53125668E-01    -0.70931800E-02
   28    0.27000001E+00     0.33573102E-01     0.53378467E-01    -0.19805364E-01
   29    0.28000000E+00     0.10969715E-01     0.53777169E-01    -0.42807452E-01
   30    0.28999999E+00     0.77035062E-01     0.54393508E-01     0.22641554E-01
   31    0.30000001E+00     0.62908195E-01     0.55327352E-01     0.75808428E-02
   32    0.31000000E+00     0.75509578E-01     0.56714159E-01     0.18795419E-01
   33    0.31999999E+00     0.95188208E-01     0.58732733E-01     0.36455475E-01
   34    0.33000001E+00     0.73927686E-01     0.61612539E-01     0.12315147E-01
   35    0.34000000E+00     0.26897492E-01     0.65639406E-01    -0.38741916E-01
   36    0.34999999E+00     0.78178920E-01     0.71158387E-01     0.70205331E-02
   37    0.36000001E+00     0.12172347E+00     0.78572161E-01     0.43151312E-01
   38    0.37000000E+00     0.13291025E+00     0.88333420E-01     0.44576831E-01
   39    0.38000000E+00     0.70522808E-01     0.10093023E+00    -0.30407421E-01
   40    0.38999999E+00     0.11498398E+00     0.11686340E+00    -0.18794239E-02
   41    0.40000001E+00     0.14455436E+00     0.13661644E+00     0.79379231E-02
   42    0.41000000E+00     0.15694639E+00     0.16061857E+00    -0.36721826E-02
   43    0.41999999E+00     0.22672549E+00     0.18920466E+00     0.37520826E-01
   44    0.43000001E+00     0.25129175E+00     0.22257407E+00     0.28717682E-01
   45    0.44000000E+00     0.26386440E+00     0.26075330E+00     0.31110942E-02
   46    0.44999999E+00     0.31263587E+00     0.30356821E+00     0.90676546E-02
   47    0.46000001E+00     0.32604939E+00     0.35062817E+00    -0.24578780E-01
   48    0.47000000E+00     0.42854938E+00     0.40132642E+00     0.27222961E-01
   49    0.47999999E+00     0.40343216E+00     0.45485964E+00    -0.51427484E-01
   50    0.49000001E+00     0.51122153E+00     0.51026386E+00     0.95766783E-03
   51    0.50000000E+00     0.57696146E+00     0.56646526E+00     0.10496199E-01
   52    0.50999999E+00     0.59016365E+00     0.62234318E+00    -0.32179534E-01
   53    0.51999998E+00     0.62293309E+00     0.67679608E+00    -0.53862989E-01
   54    0.52999997E+00     0.72575015E+00     0.72880638E+00    -0.30562282E-02
   55    0.54000002E+00     0.79625797E+00     0.77749729E+00     0.18760681E-01
   56    0.55000001E+00     0.85495943E+00     0.82217479E+00     0.32784641E-01
   57    0.56000000E+00     0.87504089E+00     0.86235571E+00     0.12685180E-01
   58    0.56999999E+00     0.88866097E+00     0.89777488E+00    -0.91139078E-02
   59    0.57999998E+00     0.90853059E+00     0.92837656E+00    -0.19845963E-01
   60    0.58999997E+00     0.94060463E+00     0.95429081E+00    -0.13686180E-01
   61    0.60000002E+00     0.97664070E+00     0.97579998E+00     0.84072351E-03
   62    0.61000001E+00     0.10398945E+01     0.99329799E+00     0.46596467E-01
   63    0.62000000E+00     0.10541965E+01     0.10072503E+01     0.46946168E-01
   64    0.63000000E+00     0.10416349E+01     0.10181544E+01     0.23480535E-01
   65    0.63999999E+00     0.10715184E+01     0.10265070E+01     0.45011401E-01
   66    0.64999998E+00     0.99238002E+00     0.10327780E+01    -0.40398002E-01
   67    0.66000003E+00     0.10615766E+01     0.10373929E+01     0.24183750E-01
   68    0.67000002E+00     0.10670714E+01     0.10407213E+01     0.26350141E-01
   69    0.68000001E+00     0.10892302E+01     0.10430743E+01     0.46155930E-01
   70    0.69000000E+00     0.10670129E+01     0.10447047E+01     0.22308230E-01
   71    0.69999999E+00     0.10790421E+01     0.10458119E+01     0.33230186E-01
   72    0.70999998E+00     0.10543697E+01     0.10465490E+01     0.78207254E-02
   73    0.72000003E+00     0.10052391E+01     0.10470299E+01    -0.41790724E-01
   74    0.73000002E+00     0.10474665E+01     0.10473373E+01     0.12922287E-03
   75    0.74000001E+00     0.10594248E+01     0.10475301E+01     0.11894703E-01
   76    0.75000000E+00     0.10135497E+01     0.10476484E+01    -0.34098744E-01
   77    0.75999999E+00     0.10586215E+01     0.10477197E+01     0.10901809E-01
   78    0.76999998E+00     0.10519296E+01     0.10477618E+01     0.41677952E-02
   79    0.77999997E+00     0.10885503E+01     0.10477861E+01     0.40764213E-01
   80    0.79000002E+00     0.10303605E+01     0.10477999E+01    -0.17439485E-01
   81    0.80000001E+00     0.10669547E+01     0.10478076E+01     0.19147158E-01
   82    0.81000000E+00     0.10664881E+01     0.10478117E+01     0.18676400E-01
   83    0.81999999E+00     0.10503646E+01     0.10478140E+01     0.25506020E-02
   84    0.82999998E+00     0.10261559E+01     0.10478152E+01    -0.21659255E-01
   85    0.83999997E+00     0.10076551E+01     0.10478158E+01    -0.40160656E-01
   86    0.85000002E+00     0.10101246E+01     0.10478160E+01    -0.37691474E-01
   87    0.86000001E+00     0.10549264E+01     0.10478163E+01     0.71101189E-02
   88    0.87000000E+00     0.10375584E+01     0.10478163E+01    -0.10257840E-01
   89    0.88000000E+00     0.10015149E+01     0.10478163E+01    -0.46301365E-01
   90    0.88999999E+00     0.10792916E+01     0.10478164E+01     0.31475186E-01
   91    0.89999998E+00     0.10620878E+01     0.10478164E+01     0.14271379E-01
   92    0.91000003E+00     0.10773604E+01     0.10478164E+01     0.29543996E-01
   93    0.92000002E+00     0.10953581E+01     0.10478164E+01     0.47541738E-01
   94    0.93000001E+00     0.10114244E+01     0.10478164E+01    -0.36391973E-01
   95    0.94000000E+00     0.10318463E+01     0.10478164E+01    -0.15970111E-01
   96    0.94999999E+00     0.10596820E+01     0.10478164E+01     0.11865616E-01
   97    0.95999998E+00     0.10048153E+01     0.10478164E+01    -0.43001056E-01
   98    0.97000003E+00     0.10114206E+01     0.10478164E+01    -0.36395788E-01
   99    0.98000002E+00     0.10215966E+01     0.10478164E+01    -0.26219845E-01
  100    0.99000001E+00     0.10100573E+01     0.10478164E+01    -0.37759066E-01
  101    0.10000000E+01     0.10073342E+01     0.10478164E+01    -0.40482163E-01

              STD                   NE - PARAMETER                      SUPPORT PLANE
  PARA       ERROR             LOWER             UPPER             LOWER             UPPER
    1    0.69886064E-02    0.98109937E+00    0.10090538E+01    0.96712220E+00    0.10230310E+01
    2    0.17126453E-02    0.49369740E+00    0.50054801E+00    0.49027213E+00    0.50397331E+00
    3    0.32742850E-02    0.93215540E-01    0.10631268E+00    0.86666971E-01    0.11286125E+00
    4    0.48845503E-02    0.42970665E-01    0.62508866E-01    0.33201564E-01    0.72277963E-01

  NONLINEAR CONFIDENCE LIMITS
 PHI CRITICAL = 0.98468870E-01
  PARA       LOWER B         LOWER PHI           UPPER B         UPPER PHI
    1    0.97780710E+00    0.98476186E-01    0.10123292E+01    0.98468743E-01
    2    0.49118891E+00    0.98456420E-01    0.50305623E+00    0.98468117E-01
    3    0.88388018E-01    0.98603986E-01    0.11182109E+00    0.98519973E-01
    4    0.41046806E-01    0.98414160E-01    0.64522296E-01    0.98468915E-01
 
