&PARTICLE_PARS_LIST
 PARTICLE_PARS%NAME="H ",
 PARTICLE_PARS%ETA2=  1.6369402234719310     ,
 PARTICLE_PARS%KAPPA=  3.0966914423482352     ,
 PARTICLE_PARS%LAMBDA=  1.7519485971040607     ,
 PARTICLE_PARS%E0= -2.3710000000000000     ,
 PARTICLE_PARS%N0= 0.29557699999999998     ,
 PARTICLE_PARS%S0= 0.68041099999999999     ,
 PARTICLE_PARS%V0= 0.42157648162511219     ,
 /
