&PARTICLE_PARS_LIST
 PARTICLE_PARS%NAME="H ",
 PARTICLE_PARS%ETA2=  5.4144080597230460     ,
 PARTICLE_PARS%KAPPA=  8.8761277266197389     ,
 PARTICLE_PARS%LAMBDA=  7.7025432270175695     ,
 PARTICLE_PARS%E0= -2.3844306884671451     ,
 PARTICLE_PARS%N0= 0.22894467676353622     ,
 PARTICLE_PARS%S0= 0.64688053576332594     ,
 PARTICLE_PARS%V0= 0.41257519517677321     ,
 /
