&LATTICE_PARS_LIST
 LATTICE_PARS%NAME="Au",
 LATTICE_PARS%ETA2=  3.1634000007229348     ,
 LATTICE_PARS%KAPPA=  5.4300482668733148     ,
 LATTICE_PARS%LAMBDA=  4.1233800314917799     ,
 LATTICE_PARS%E0= -3.8000000031849179     ,
 LATTICE_PARS%N0=  4.7440809684177888E-002,
 LATTICE_PARS%S0=  1.6417399970247435     ,
 LATTICE_PARS%V0=  2.3164149350959753     ,
 /
