&PARTICLE_PARS_LIST
 PARTICLE_PARS%NAME="H ",
 PARTICLE_PARS%ETA2=  5.4352147024627975     ,
 PARTICLE_PARS%KAPPA=  8.8593430159345772     ,
 PARTICLE_PARS%LAMBDA=  7.5541578422194275     ,
 PARTICLE_PARS%E0= -2.3859359904067010     ,
 PARTICLE_PARS%N0= 0.20555302000619366     ,
 PARTICLE_PARS%S0= 0.71587335270910046     ,
 PARTICLE_PARS%V0= 0.43345177995879902     ,
 /
