&PARTICLE_PARS_LIST
 PARTICLE_PARS%NAME="H ",
 PARTICLE_PARS%ETA2=  5.4253999999999998     ,
 PARTICLE_PARS%KAPPA=  8.8628199999999993     ,
 PARTICLE_PARS%LAMBDA=  7.7270899999999996     ,
 PARTICLE_PARS%E0= -2.3710000000000000     ,
 PARTICLE_PARS%N0= 0.19948918061633844     ,
 PARTICLE_PARS%S0= 0.68041099999999999     ,
 PARTICLE_PARS%V0= 0.42699999999999999     ,
 /
