&LATTICE_PARS_LIST
 LATTICE_PARS%NAME="Au",
 LATTICE_PARS%ETA2=  3.1634000000000002     ,
 LATTICE_PARS%KAPPA=  5.4291799999999997     ,
 LATTICE_PARS%LAMBDA=  4.1233800000000000     ,
 LATTICE_PARS%E0= -3.7999999999999998     ,
 LATTICE_PARS%N0=  3.1894345190090385E-002,
 LATTICE_PARS%S0=  1.6417400000000000     ,
 LATTICE_PARS%V0=  2.3210000000000002     ,
 /
