&PARTICLE_PARS_LIST
 PARTICLE_PARS%NAME="H ",
 PARTICLE_PARS%ETA2=  5.1340955956915186     ,
 PARTICLE_PARS%KAPPA=  7.1204027008749380     ,
 PARTICLE_PARS%LAMBDA=  9.4281644371880571     ,
 PARTICLE_PARS%E0= -2.3710000000000000     ,
 PARTICLE_PARS%N0= 0.18220500000000001     ,
 PARTICLE_PARS%S0= 0.68041099999999999     ,
 PARTICLE_PARS%V0= 0.41994697155382948     ,
 /
