&PARTICLE_PARS_LIST
 PARTICLE_PARS%NAME="H ",
 PARTICLE_PARS%ETA2=  4.5751411873710763     ,
 PARTICLE_PARS%KAPPA=  6.6711834444759699     ,
 PARTICLE_PARS%LAMBDA=  7.4404703226665134     ,
 PARTICLE_PARS%E0= -2.3710000000000000     ,
 PARTICLE_PARS%N0= 0.18220500000000001     ,
 PARTICLE_PARS%S0= 0.68041099999999999     ,
 PARTICLE_PARS%V0= 0.31520040723268022     ,
 /
