&LATTICE_PARS_LIST
 LATTICE_PARS%NAME="Au",
 LATTICE_PARS%ETA2=  4.0729942511894555     ,
 LATTICE_PARS%KAPPA=  7.8170906314643380     ,
 LATTICE_PARS%LAMBDA= -13.152117625049090     ,
 LATTICE_PARS%E0= -3.7999999999999998     ,
 LATTICE_PARS%N0=  4.7440799999999998E-002,
 LATTICE_PARS%S0=  1.6417400000000000     ,
 LATTICE_PARS%V0=  2.3210000000000002     ,
 /
