&LATTICE_PARS_LIST
 LATTICE_PARS%NAME="Au",
 LATTICE_PARS%ETA2=  3.8435700000000095     ,
 LATTICE_PARS%KAPPA=  6.5950700023843583     ,
 LATTICE_PARS%LAMBDA=  4.1233800000037224     ,
 LATTICE_PARS%E0= -3.7999999999999998     ,
 LATTICE_PARS%N0=  1.7325000000000000E-002,
 LATTICE_PARS%S0=  1.6417400000000000     ,
 LATTICE_PARS%V0=  2.3210000000000002     ,
 /
