&PARTICLE_PARS_LIST
 PARTICLE_PARS%NAME="H ",
 PARTICLE_PARS%ETA2=  1.5812599642516492     ,
 PARTICLE_PARS%KAPPA=  2.9771099593211221     ,
 PARTICLE_PARS%LAMBDA=  1.7676341143218535     ,
 PARTICLE_PARS%E0= -2.3710015269117406     ,
 PARTICLE_PARS%N0= 0.29557636743582200     ,
 PARTICLE_PARS%S0= 0.68041082411008968     ,
 PARTICLE_PARS%V0= 0.66765495332205382     ,
 /
