&PARTICLE_PARS_LIST
 PARTICLE_PARS%NAME="H ",
 PARTICLE_PARS%ETA2=  1.6369401985128342     ,
 PARTICLE_PARS%KAPPA=  3.0966913914129832     ,
 PARTICLE_PARS%LAMBDA=  1.7519485913849995     ,
 PARTICLE_PARS%E0= -2.3710000000000000     ,
 PARTICLE_PARS%N0= 0.29557699999999998     ,
 PARTICLE_PARS%S0= 0.68041099999999999     ,
 PARTICLE_PARS%V0= 0.42157655026038793     ,
 /
