&LATTICE_PARS_LIST
 LATTICE_PARS%NAME="Au",
 LATTICE_PARS%ETA2=  2.6124470662253687     ,
 LATTICE_PARS%KAPPA=  3.6439528009687883     ,
 LATTICE_PARS%LAMBDA=  4.6348661352439073     ,
 LATTICE_PARS%E0= -3.7999999999999998     ,
 LATTICE_PARS%N0=  4.7440799999999998E-002,
 LATTICE_PARS%S0=  1.6417400000000000     ,
 LATTICE_PARS%V0=  2.3210000000000002     ,
 /
