&LATTICE_PARS_LIST
 LATTICE_PARS%NAME="Au",
 LATTICE_PARS%ETA2=  3.1633999992619297     ,
 LATTICE_PARS%KAPPA=  5.4262137955097574     ,
 LATTICE_PARS%LAMBDA=  4.1233799678830305     ,
 LATTICE_PARS%E0= -3.8000000309469537     ,
 LATTICE_PARS%N0=  4.7440790105149733E-002,
 LATTICE_PARS%S0=  1.6417400000000000     ,
 LATTICE_PARS%V0=  2.3210000000000002     ,
 /
