&PARTICLE_PARS_LIST
 PARTICLE_PARS%NAME="H ",
 PARTICLE_PARS%ETA2=  5.2654708605172305     ,
 PARTICLE_PARS%KAPPA=  7.4341562478283434     ,
 PARTICLE_PARS%LAMBDA=  8.1703906228941214     ,
 PARTICLE_PARS%E0= -2.3710000000000000     ,
 PARTICLE_PARS%N0= 0.18220500000000001     ,
 PARTICLE_PARS%S0= 0.68041099999999999     ,
 PARTICLE_PARS%V0= 0.42618425875299276     ,
 /
