 
  Demonstrate NLLSQ   
 NO OF DATA POINTS IS 101   NO OF PARAMETERS IS  4   NO OF INDEPENDENT VARIABLES IS  1
 DELTA= 0.99999997E-05   E= 0.49999999E-04   FF= 0.40000000E+01   GAMCR= 0.45000000E+02
   T= 0.20000000E+01   TAU= 0.10000000E-02   ZETA= 0.99999998E-31   AL= 0.10000000E+00
 XXXXXXXXXXXXXXXXXXXXXXXXXXXXXXXXXXXXXXXXXXXXXXXXXXXXXXXXXXXXXXXXXXXXXXXXXXXXXXXXXXXXXXXXXXXXXXXXXXX
 

 NO OF ITERATIONS =  1
 PHI = 0.64369137E+01    LAMBDA = 0.10000000E+00
 PARAMETERS
    0.63282249E+00   0.57748228E+00   0.37380775E-01   0.14040593E+00
 GAMMA = 0.43240618E+02    LENGTH OF DB = 0.35203847E+01
 DB CORRECTION VECTOR
    0.13282249E+00   0.27748227E+00  -0.46261922E+00   0.40405929E-01
 XXXXXXXXXXXXXXXXXXXXXXXXXXXXXXXXXXXXXXXXXXXXXXXXXXXXXXXXXXXXXXXXXXXXXXXXXXXXXXXXXXXXXXXXXXXXXXXXXXX
 

 NO OF ITERATIONS =  2
 PHI = 0.58585517E+00    LAMBDA = 0.10000000E-01
 PARAMETERS
    0.91484846E+00   0.53122925E+00   0.10964358E+00   0.13695890E+00
 GAMMA = 0.34607680E+02    LENGTH OF DB = 0.21806622E+01
 DB CORRECTION VECTOR
    0.28202597E+00  -0.46253035E-01   0.72262806E-01  -0.34470319E-02
 XXXXXXXXXXXXXXXXXXXXXXXXXXXXXXXXXXXXXXXXXXXXXXXXXXXXXXXXXXXXXXXXXXXXXXXXXXXXXXXXXXXXXXXXXXXXXXXXXXX
 

 NO OF ITERATIONS =  3
 PHI = 0.98670011E-01    LAMBDA = 0.10000000E-02
 PARAMETERS
    0.98979180E+00   0.49186812E+00   0.10621498E+00   0.53285347E-01
 GAMMA = 0.36726828E+02    LENGTH OF DB = 0.11922043E+01
 DB CORRECTION VECTOR
    0.74943338E-01  -0.39361125E-01  -0.34286001E-02  -0.83673552E-01
 XXXXXXXXXXXXXXXXXXXXXXXXXXXXXXXXXXXXXXXXXXXXXXXXXXXXXXXXXXXXXXXXXXXXXXXXXXXXXXXXXXXXXXXXXXXXXXXXXXX
 

 NO OF ITERATIONS =  4
 PHI = 0.84548757E-01    LAMBDA = 0.10000000E-03
 PARAMETERS
    0.99514071E+00   0.49714138E+00   0.10025635E+00   0.52731306E-01
 GAMMA = 0.18323795E+02    LENGTH OF DB = 0.12196849E+00
 DB CORRECTION VECTOR
    0.53489171E-02   0.52732573E-02  -0.59586354E-02  -0.55404113E-03
 XXXXXXXXXXXXXXXXXXXXXXXXXXXXXXXXXXXXXXXXXXXXXXXXXXXXXXXXXXXXXXXXXXXXXXXXXXXXXXXXXXXXXXXXXXXXXXXXXXX
 

 NO OF ITERATIONS =  5
 PHI = 0.84526180E-01    LAMBDA = 0.10000000E-04
 PARAMETERS
    0.99495753E+00   0.49711870E+00   0.99736748E-01   0.52828936E-01
 GAMMA = 0.27726691E+02    LENGTH OF DB = 0.54159938E-02
 DB CORRECTION VECTOR
   -0.18318644E-03  -0.22685952E-04  -0.51959823E-03   0.97630067E-04
 XXXXXXXXXXXXXXXXXXXXXXXXXXXXXXXXXXXXXXXXXXXXXXXXXXXXXXXXXXXXXXXXXXXXXXXXXXXXXXXXXXXXXXXXXXXXXXXXXXX
 

 NO OF ITERATIONS =  6
 PHI = 0.84526035E-01    LAMBDA = 0.10000000E-05
 PARAMETERS
    0.99498246E+00   0.49713723E+00   0.99762995E-01   0.52834660E-01
 GAMMA = 0.21465899E+02    LENGTH OF DB = 0.48643202E-03
 DB CORRECTION VECTOR
    0.24934285E-04   0.18533102E-04   0.26247364E-04   0.57238891E-05
 
  Demonstrate NLLSQ   
 CONVERGENCE BY EPSILON TEST

 NO OF ITERATIONS =  7
 PHI = 0.84526033E-01    LAMBDA = 0.10000000E-06
 PARAMETERS
    0.99497914E+00   0.49713630E+00   0.99759421E-01   0.52835414E-01
 GAMMA = 0.30920768E+02    LENGTH OF DB = 0.46677471E-04
 DB CORRECTION VECTOR
   -0.33187226E-05  -0.92865780E-06  -0.35742323E-05   0.75438179E-06

 PTP MATRIX

 COLUMNS   1  THROUGH   4
    0.46806545E+02  -0.49749946E+02  -0.19847012E+02   0.50786370E+02
   -0.49749946E+02   0.39589872E+03   0.49322447E-02  -0.99497914E+02
   -0.19847012E+02   0.49322447E-02   0.98974186E+02   0.87563251E-09
    0.50786370E+02  -0.99497914E+02   0.87563251E-09   0.10100000E+03

 PTP CORRELATION COEFFICIENTS

 COLUMNS   1  THROUGH   4
    1.0000  -0.3655  -0.2916   0.7386
   -0.3655   1.0000   0.0000  -0.4976
   -0.2916   0.0000   1.0000   0.0000
    0.7386  -0.4976   0.0000   1.0000

 PTP INVERSE

 COLUMNS   1  THROUGH   4
    0.57839473E-01  -0.54777516E-04   0.11598388E-01  -0.29137694E-01
   -0.54777516E-04   0.33571022E-02  -0.11151676E-04   0.33347189E-02
    0.11598388E-01  -0.11151676E-04   0.12429437E-01  -0.58430651E-02
   -0.29137694E-01   0.33347189E-02  -0.58430651E-02   0.27837577E-01

 PARAMETER CORRELATION COEFFICIENTS

 COLUMNS   1  THROUGH   4
    1.0000  -0.0039   0.4326  -0.7262
   -0.0039   1.0000  -0.0017   0.3450
    0.4326  -0.0017   1.0000  -0.3141
   -0.7262   0.3450  -0.3141   1.0000

                X            OBSERVED           PREDICTED          RESIDUAL

    1    0.00000000E+00     0.99755960E-01     0.52835414E-01     0.46920547E-01
    2    0.10000000E-01     0.56682472E-01     0.52835414E-01     0.38470577E-02
    3    0.20000000E-01     0.96591539E-01     0.52835414E-01     0.43756125E-01
    4    0.30000000E-01     0.74792770E-01     0.52835414E-01     0.21957356E-01
    5    0.40000000E-01     0.36739090E-01     0.52835414E-01    -0.16096324E-01
    6    0.50000000E-01     0.48063691E-01     0.52835414E-01    -0.47717234E-02
    7    0.60000000E-01     0.73754267E-02     0.52835414E-01    -0.45459988E-01
    8    0.70000000E-01     0.53552353E-03     0.52835415E-01    -0.52299891E-01
    9    0.80000000E-01     0.34708131E-01     0.52835416E-01    -0.18127285E-01
   10    0.90000000E-01     0.34224385E-01     0.52835418E-01    -0.18611032E-01
   11    0.10000000E+00     0.21795181E-01     0.52835423E-01    -0.31040242E-01
   12    0.11000000E+00     0.13316059E-01     0.52835434E-01    -0.39519376E-01
   13    0.12000000E+00     0.90052491E-01     0.52835459E-01     0.37217033E-01
   14    0.13000000E+00     0.38676685E-01     0.52835511E-01    -0.14158825E-01
   15    0.14000000E+00     0.44548408E-01     0.52835619E-01    -0.82872119E-02
   16    0.15000000E+00     0.66193591E-01     0.52835842E-01     0.13357749E-01
   17    0.16000000E+00     0.16115911E-02     0.52836289E-01    -0.51224698E-01
   18    0.17000000E+00     0.65087013E-01     0.52837168E-01     0.12249846E-01
   19    0.18000000E+00     0.64643896E-01     0.52838862E-01     0.11805034E-01
   20    0.19000000E+00     0.32304554E-01     0.52842063E-01    -0.20537509E-01
   21    0.20000000E+00     0.85580287E-01     0.52847991E-01     0.32732296E-01
   22    0.21000000E+00     0.40149241E-01     0.52858751E-01    -0.12709510E-01
   23    0.22000000E+00     0.20724940E-01     0.52877894E-01    -0.32152954E-01
   24    0.23000000E+00     0.96921114E-01     0.52911273E-01     0.44009841E-01
   25    0.24000000E+00     0.59957972E-01     0.52968322E-01     0.69896499E-02
   26    0.25000000E+00     0.67501550E-01     0.53063886E-01     0.14437665E-01
   27    0.26000000E+00     0.46032489E-01     0.53220789E-01    -0.71882999E-02
   28    0.27000000E+00     0.33573101E-01     0.53473285E-01    -0.19900184E-01
   29    0.28000000E+00     0.10969716E-01     0.53871543E-01    -0.42901827E-01
   30    0.29000000E+00     0.77035065E-01     0.54487233E-01     0.22547832E-01
   31    0.30000000E+00     0.62908195E-01     0.55420154E-01     0.74880412E-02
   32    0.31000000E+00     0.75509578E-01     0.56805682E-01     0.18703896E-01
   33    0.32000000E+00     0.95188212E-01     0.58822524E-01     0.36365687E-01
   34    0.33000000E+00     0.73927685E-01     0.61700025E-01     0.12227660E-01
   35    0.34000000E+00     0.26897493E-01     0.65723909E-01    -0.38826416E-01
   36    0.35000000E+00     0.78178920E-01     0.71239123E-01     0.69397970E-02
   37    0.36000000E+00     0.12172347E+00     0.78648229E-01     0.43075238E-01
   38    0.37000000E+00     0.13291026E+00     0.88403875E-01     0.44506383E-01
   39    0.38000000E+00     0.70522812E-01     0.10099409E+00    -0.30471273E-01
   40    0.39000000E+00     0.11498401E+00     0.11691972E+00    -0.19357079E-02
   41    0.40000000E+00     0.14455436E+00     0.13666426E+00     0.78900999E-02
   42    0.41000000E+00     0.15694641E+00     0.16065724E+00    -0.37108300E-02
   43    0.42000000E+00     0.22672553E+00     0.18923368E+00     0.37491851E-01
   44    0.43000000E+00     0.25129174E+00     0.22259312E+00     0.28698614E-01
   45    0.44000000E+00     0.26386443E+00     0.26076260E+00     0.31018273E-02
   46    0.45000000E+00     0.31263592E+00     0.30356818E+00     0.90677377E-02
   47    0.46000000E+00     0.32604935E+00     0.35061944E+00    -0.24570092E-01
   48    0.47000000E+00     0.42854939E+00     0.40131023E+00     0.27239162E-01
   49    0.48000000E+00     0.40343223E+00     0.45483730E+00    -0.51405075E-01
   50    0.49000000E+00     0.51122147E+00     0.51023666E+00     0.98481405E-03
   51    0.50000000E+00     0.57696143E+00     0.56643491E+00     0.10526527E-01
   52    0.51000000E+00     0.59016371E+00     0.62231119E+00    -0.32147481E-01
   53    0.52000000E+00     0.62293318E+00     0.67676386E+00    -0.53830677E-01
   54    0.53000000E+00     0.72575030E+00     0.72877513E+00    -0.30248285E-02
   55    0.54000000E+00     0.79625789E+00     0.77746768E+00     0.18790210E-01
   56    0.55000000E+00     0.85495940E+00     0.82214781E+00     0.32811591E-01
   57    0.56000000E+00     0.87504091E+00     0.86233180E+00     0.12709104E-01
   58    0.57000000E+00     0.88866098E+00     0.89775425E+00    -0.90932604E-02
   59    0.58000000E+00     0.90853065E+00     0.92835912E+00    -0.19828470E-01
   60    0.59000000E+00     0.94060469E+00     0.95427641E+00    -0.13671723E-01
   61    0.60000000E+00     0.97664070E+00     0.97578814E+00     0.85255999E-03
   62    0.61000000E+00     0.10398945E+01     0.99328853E+00     0.46605936E-01
   63    0.62000000E+00     0.10541965E+01     0.10072428E+01     0.46953677E-01
   64    0.63000000E+00     0.10416349E+01     0.10181485E+01     0.23486473E-01
   65    0.64000000E+00     0.10715185E+01     0.10265023E+01     0.45016177E-01
   66    0.65000000E+00     0.99238004E+00     0.10327743E+01    -0.40394227E-01
   67    0.66000000E+00     0.10615766E+01     0.10373897E+01     0.24186878E-01
   68    0.67000000E+00     0.10670714E+01     0.10407186E+01     0.26352788E-01
   69    0.68000000E+00     0.10892301E+01     0.10430719E+01     0.46158169E-01
   70    0.69000000E+00     0.10670129E+01     0.10447025E+01     0.22310313E-01
   71    0.70000000E+00     0.10790421E+01     0.10458099E+01     0.33232169E-01
   72    0.71000000E+00     0.10543697E+01     0.10465471E+01     0.78226627E-02
   73    0.72000000E+00     0.10052391E+01     0.10470280E+01    -0.41788836E-01
   74    0.73000000E+00     0.10474665E+01     0.10473355E+01     0.13099526E-03
   75    0.74000000E+00     0.10594247E+01     0.10475282E+01     0.11896483E-01
   76    0.75000000E+00     0.10135497E+01     0.10476466E+01    -0.34096926E-01
   77    0.76000000E+00     0.10586215E+01     0.10477179E+01     0.10903570E-01
   78    0.77000000E+00     0.10519297E+01     0.10477600E+01     0.41696547E-02
   79    0.78000000E+00     0.10885503E+01     0.10477843E+01     0.40765988E-01
   80    0.79000000E+00     0.10303605E+01     0.10477981E+01    -0.17437670E-01
   81    0.80000000E+00     0.10669547E+01     0.10478058E+01     0.19148881E-01
   82    0.81000000E+00     0.10664882E+01     0.10478100E+01     0.18678206E-01
   83    0.82000000E+00     0.10503647E+01     0.10478122E+01     0.25524688E-02
   84    0.83000000E+00     0.10261560E+01     0.10478134E+01    -0.21657392E-01
   85    0.84000000E+00     0.10076552E+01     0.10478140E+01    -0.40158784E-01
   86    0.85000000E+00     0.10101246E+01     0.10478143E+01    -0.37689679E-01
   87    0.86000000E+00     0.10549264E+01     0.10478144E+01     0.71119749E-02
   88    0.87000000E+00     0.10375584E+01     0.10478145E+01    -0.10256082E-01
   89    0.88000000E+00     0.10015149E+01     0.10478145E+01    -0.46299616E-01
   90    0.89000000E+00     0.10792915E+01     0.10478145E+01     0.31476985E-01
   91    0.90000000E+00     0.10620877E+01     0.10478146E+01     0.14273198E-01
   92    0.91000000E+00     0.10773604E+01     0.10478146E+01     0.29545802E-01
   93    0.92000000E+00     0.10953581E+01     0.10478146E+01     0.47543521E-01
   94    0.93000000E+00     0.10114244E+01     0.10478146E+01    -0.36390118E-01
   95    0.94000000E+00     0.10318463E+01     0.10478146E+01    -0.15968291E-01
   96    0.95000000E+00     0.10596820E+01     0.10478146E+01     0.11867430E-01
   97    0.96000000E+00     0.10048153E+01     0.10478146E+01    -0.42999265E-01
   98    0.97000000E+00     0.10114206E+01     0.10478146E+01    -0.36393978E-01
   99    0.98000000E+00     0.10215965E+01     0.10478146E+01    -0.26218063E-01
  100    0.99000000E+00     0.10100573E+01     0.10478146E+01    -0.37757216E-01
  101    0.10000000E+01     0.10073342E+01     0.10478146E+01    -0.40480375E-01

              STD                   NE - PARAMETER                      SUPPORT PLANE
  PARA       ERROR             LOWER             UPPER             LOWER             UPPER
    1    0.70993983E-02    0.98078035E+00    0.10091779E+01    0.96658155E+00    0.10233767E+01
    2    0.17103762E-02    0.49371555E+00    0.50055705E+00    0.49029479E+00    0.50397780E+00
    3    0.32910547E-02    0.93177311E-01    0.10634153E+00    0.86595202E-01    0.11292364E+00
    4    0.49252139E-02    0.42984986E-01    0.62685842E-01    0.33134558E-01    0.72536269E-01

  NONLINEAR CONFIDENCE LIMITS
 PHI CRITICAL = 0.98468472E-01
  PARA       LOWER B         LOWER PHI           UPPER B         UPPER PHI
    1    0.97772012E+00    0.98468472E-01    0.10122382E+01    0.98468472E-01
    2    0.49119895E+00    0.98463942E-01    0.50306838E+00    0.98467918E-01
    3    0.88354510E-01    0.98639825E-01    0.11180130E+00    0.98523332E-01
    4    0.41086204E-01    0.98468472E-01    0.64584624E-01    0.98468472E-01
 
