&lattice_pars_list
 LATTICE_PARS%ETA2=  11.00000000
 LATTICE_PARS%KAPPA=  12.00000000
 LATTICE_PARS%LAMBDA=  13.00000000
 LATTICE_PARS%E0=  14.00000000
 LATTICE_PARS%S0=  16.00000000
 LATTICE_PARS%NAME="Au"
 LATTICE_PARS%V0=  17.00000000
 LATTICE_PARS%N0=  15.00000000
/
