&particle_pars_list
 PARTICLE_PARS%ETA2=  1.00000000
 PARTICLE_PARS%KAPPA=  2.00000000
 PARTICLE_PARS%LAMBDA=  3.00000000
 PARTICLE_PARS%E0=  4.00000000
 PARTICLE_PARS%S0=  6.00000000
 PARTICLE_PARS%NAME="H"
 PARTICLE_PARS%V0=  7.00000000
 PARTICLE_PARS%N0=  5.00000000
/
