 
  D
 NO OF DATA POINTS IS 101   NO OF PARAMETERS IS  4   NO OF INDEPENDENT VARIABLES IS  2
 DELTA= 0.99999997E-05   E= 0.49999999E-04   FF= 0.40000000E+01   GAMCR= 0.45000000E+02
   T= 0.20000000E+01   TAU= 0.10000000E-02   ZETA= 0.99999998E-31   AL= 0.10000000E+00
 XXXXXXXXXXXXXXXXXXXXXXXXXXXXXXXXXXXXXXXXXXXXXXXXXXXXXXXXXXXXXXXXXXXXXXXXXXXXXXXXXXXXXXXXXXXXXXXXXXX
 

 NO OF ITERATIONS =  1
 PHI = 0.63268604E+01    LAMBDA = 0.99999994E-01
 PARAMETERS
    0.63374764E+00   0.57614791E+00   0.40284216E-01   0.13999163E+00
 GAMMA = 0.43295071E+02    LENGTH OF DB = 0.35231855E+01
 DB CORRECTION VECTOR
    0.13374764E+00   0.27614787E+00  -0.45971578E+00   0.39991621E-01
 XXXXXXXXXXXXXXXXXXXXXXXXXXXXXXXXXXXXXXXXXXXXXXXXXXXXXXXXXXXXXXXXXXXXXXXXXXXXXXXXXXXXXXXXXXXXXXXXXXX
 

 NO OF ITERATIONS =  2
 PHI = 0.52487808E+00    LAMBDA = 0.99999998E-02
 PARAMETERS
    0.92141843E+00   0.52748072E+00   0.11522931E+00   0.13173819E+00
 GAMMA = 0.35510014E+02    LENGTH OF DB = 0.22128994E+01
 DB CORRECTION VECTOR
    0.28767079E+00  -0.48667189E-01   0.74945092E-01  -0.82534468E-02
 XXXXXXXXXXXXXXXXXXXXXXXXXXXXXXXXXXXXXXXXXXXXXXXXXXXXXXXXXXXXXXXXXXXXXXXXXXXXXXXXXXXXXXXXXXXXXXXXXXX
 

 NO OF ITERATIONS =  3
 PHI = 0.98394632E-01    LAMBDA = 0.99999993E-03
 PARAMETERS
    0.98941785E+00   0.49095124E+00   0.10328179E+00   0.51894926E-01
 GAMMA = 0.36709641E+02    LENGTH OF DB = 0.11120059E+01
 DB CORRECTION VECTOR
    0.67999400E-01  -0.36529478E-01  -0.11947517E-01  -0.79843260E-01
 XXXXXXXXXXXXXXXXXXXXXXXXXXXXXXXXXXXXXXXXXXXXXXXXXXXXXXXXXXXXXXXXXXXXXXXXXXXXXXXXXXXXXXXXXXXXXXXXXXX
 

 NO OF ITERATIONS =  4
 PHI = 0.84614821E-01    LAMBDA = 0.99999990E-04
 PARAMETERS
    0.99595004E+00   0.49710116E+00   0.10076980E+00   0.52113194E-01
 GAMMA = 0.22291533E+02    LENGTH OF DB = 0.13023233E+00
 DB CORRECTION VECTOR
    0.65322192E-02   0.61499160E-02  -0.25119851E-02   0.21826867E-03
 XXXXXXXXXXXXXXXXXXXXXXXXXXXXXXXXXXXXXXXXXXXXXXXXXXXXXXXXXXXXXXXXXXXXXXXXXXXXXXXXXXXXXXXXXXXXXXXXXXX
 

 NO OF ITERATIONS =  5
 PHI = 0.84529318E-01    LAMBDA = 0.99999988E-05
 PARAMETERS
    0.99523586E+00   0.49706808E+00   0.99813826E-01   0.52548084E-01
 GAMMA = 0.38619385E+02    LENGTH OF DB = 0.11538009E-01
 DB CORRECTION VECTOR
   -0.71420538E-03  -0.33083012E-04  -0.95597567E-03   0.43488966E-03
 
  D
 CONVERGENCE BY GAMMA EPSILON TEST
 CORRECTION VECTOR FOR LAST ITERATION WAS NOT USED

 NO OF ITERATIONS =  6
 PHI = 0.84529318E-01    LAMBDA = 0.99999994E-01
 PARAMETERS
    0.99523586E+00   0.49706808E+00   0.99813826E-01   0.52548084E-01
 GAMMA = 0.43556522E+02    LENGTH OF DB = 0.24351147E-02
 DB CORRECTION VECTOR
    0.14230952E-05  -0.46356643E-07   0.10024968E-07  -0.16317614E-05

 PTP MATRIX

 COLUMNS   1  THROUGH   4
    0.46778915E+02  -0.49822155E+02  -0.19923222E+02   0.50257397E+02
   -0.49822155E+02   0.39700595E+03   0.20667952E+00  -0.98148926E+02
   -0.19923222E+02   0.20667952E+00   0.99926369E+02   0.42895141E+00
    0.50257397E+02  -0.98148926E+02   0.42895141E+00   0.10002287E+03

 PTP CORRELATION COEFFICIENTS

 COLUMNS   1  THROUGH   4
    1.0000  -0.3656  -0.2914   0.7347
   -0.3656   1.0000   0.0010  -0.4925
   -0.2914   0.0010   1.0000   0.0043
    0.7347  -0.4925   0.0043   1.0000

 PTP INVERSE

 COLUMNS   1  THROUGH   4
    0.57249524E-01   0.72321185E-04   0.11537594E-01  -0.28744055E-01
    0.72321083E-04   0.33257543E-02  -0.63124521E-05   0.32271345E-02
    0.11537593E-01  -0.63124307E-05   0.12332874E-01  -0.58562518E-02
   -0.28744053E-01   0.32271342E-02  -0.58562523E-02   0.27632212E-01

 PARAMETER CORRELATION COEFFICIENTS

 COLUMNS   1  THROUGH   4
    1.0000   0.0052   0.4342  -0.7227
    0.0052   1.0000  -0.0010   0.3366
    0.4342  -0.0010   1.0000  -0.3172
   -0.7227   0.3366  -0.3172   1.0000

                X            OBSERVED           PREDICTED          RESIDUAL

    1    0.00000000E+00     0.99755958E-01     0.52548084E-01     0.47207873E-01
    2    0.99999998E-02     0.57682469E-01     0.53548083E-01     0.41343868E-02
    3    0.20000000E-01     0.98591536E-01     0.54548085E-01     0.44043452E-01
    4    0.29999999E-01     0.77792771E-01     0.55548083E-01     0.22244688E-01
    5    0.39999999E-01     0.40739089E-01     0.56548085E-01    -0.15808996E-01
    6    0.50000001E-01     0.53063691E-01     0.57548083E-01    -0.44843927E-02
    7    0.59999999E-01     0.13375426E-01     0.58548085E-01    -0.45172662E-01
    8    0.70000000E-01     0.75355186E-02     0.59548084E-01    -0.52012566E-01
    9    0.79999998E-01     0.42708129E-01     0.60548086E-01    -0.17839957E-01
   10    0.90000004E-01     0.43224383E-01     0.61548088E-01    -0.18323705E-01
   11    0.10000000E+00     0.31795178E-01     0.62548093E-01    -0.30752916E-01
   12    0.11000000E+00     0.24316054E-01     0.63548103E-01    -0.39232049E-01
   13    0.12000000E+00     0.10205249E+00     0.64548127E-01     0.37504360E-01
   14    0.13000000E+00     0.51676679E-01     0.65548182E-01    -0.13871502E-01
   15    0.14000000E+00     0.58548406E-01     0.66548295E-01    -0.79998896E-02
   16    0.15000001E+00     0.81193589E-01     0.67548521E-01     0.13645068E-01
   17    0.16000000E+00     0.17611589E-01     0.68548977E-01    -0.50937388E-01
   18    0.17000000E+00     0.82087010E-01     0.69549866E-01     0.12537144E-01
   19    0.18000001E+00     0.82643896E-01     0.70551589E-01     0.12092307E-01
   20    0.19000000E+00     0.51304549E-01     0.71554840E-01    -0.20250291E-01
   21    0.20000000E+00     0.10558029E+00     0.72560847E-01     0.33019438E-01
   22    0.20999999E+00     0.61149240E-01     0.73571749E-01    -0.12422509E-01
   23    0.22000000E+00     0.42724937E-01     0.74591130E-01    -0.31866193E-01
   24    0.23000000E+00     0.11992111E+00     0.75624891E-01     0.44296220E-01
   25    0.23999999E+00     0.83957970E-01     0.76682560E-01     0.72754100E-02
   26    0.25000000E+00     0.92501551E-01     0.77779099E-01     0.14722452E-01
   27    0.25999999E+00     0.72032489E-01     0.78937486E-01    -0.69049969E-02
   28    0.27000001E+00     0.60573101E-01     0.80192208E-01    -0.19619107E-01
   29    0.28000000E+00     0.38969718E-01     0.81593715E-01    -0.42623997E-01
   30    0.28999999E+00     0.10603506E+00     0.83214052E-01     0.22821009E-01
   31    0.30000001E+00     0.92908189E-01     0.85153475E-01     0.77547133E-02
   32    0.31000000E+00     0.10650957E+00     0.87547854E-01     0.18961720E-01
   33    0.31999999E+00     0.12718821E+00     0.90576477E-01     0.36611728E-01
   34    0.33000001E+00     0.10692769E+00     0.94469272E-01     0.12458414E-01
   35    0.34000000E+00     0.60897496E-01     0.99512517E-01    -0.38615022E-01
   36    0.34999999E+00     0.11317892E+00     0.10605159E+00     0.71273223E-02
   37    0.36000001E+00     0.15772347E+00     0.11448938E+00     0.43234088E-01
   38    0.37000000E+00     0.16991027E+00     0.12527850E+00     0.44631764E-01
   39    0.38000000E+00     0.10852280E+00     0.13890666E+00    -0.30383855E-01
   40    0.38999999E+00     0.15398398E+00     0.15587404E+00    -0.18900633E-02
   41    0.40000001E+00     0.18455437E+00     0.17666306E+00     0.78913122E-02
   42    0.41000000E+00     0.19794638E+00     0.20170164E+00    -0.37552565E-02
   43    0.41999999E+00     0.26872548E+00     0.23132302E+00     0.37402466E-01
   44    0.43000001E+00     0.29429176E+00     0.26572484E+00     0.28566927E-01
   45    0.44000000E+00     0.30786440E+00     0.30493188E+00     0.29325187E-02
   46    0.44999999E+00     0.35763586E+00     0.34876835E+00     0.88675022E-02
   47    0.46000001E+00     0.37204939E+00     0.39684245E+00    -0.24793059E-01
   48    0.47000000E+00     0.47554937E+00     0.44854662E+00     0.27002752E-01
   49    0.47999999E+00     0.45143214E+00     0.50307739E+00    -0.51645249E-01
   50    0.49000001E+00     0.56022149E+00     0.55947101E+00     0.75048208E-03
   51    0.50000000E+00     0.62696147E+00     0.61665475E+00     0.10306716E-01
   52    0.50999999E+00     0.64116365E+00     0.67350936E+00    -0.32345712E-01
   53    0.51999998E+00     0.67493308E+00     0.72893494E+00    -0.54001868E-01
   54    0.52999997E+00     0.77875012E+00     0.78191590E+00    -0.31657815E-02
   55    0.54000002E+00     0.85025799E+00     0.83157712E+00     0.18680871E-01
   56    0.55000001E+00     0.90995944E+00     0.87722635E+00     0.32733083E-01
   57    0.56000000E+00     0.93104088E+00     0.91838169E+00     0.12659192E-01
   58    0.56999999E+00     0.94566095E+00     0.95477885E+00    -0.91179013E-02
   59    0.57999998E+00     0.96653062E+00     0.98636264E+00    -0.19832015E-01
   60    0.58999997E+00     0.99960458E+00     0.10132632E+01    -0.13658643E-01
   61    0.60000002E+00     0.10366408E+01     0.10357625E+01     0.87821484E-03
   62    0.61000001E+00     0.11008945E+01     0.10542543E+01     0.46640158E-01
   63    0.62000000E+00     0.11161964E+01     0.10692033E+01     0.46993136E-01
   64    0.63000000E+00     0.11046350E+01     0.10811062E+01     0.23528814E-01
   65    0.63999999E+00     0.11355184E+01     0.10904591E+01     0.45059323E-01
   66    0.64999998E+00     0.10573800E+01     0.10977316E+01    -0.40351629E-01
   67    0.66000003E+00     0.11275766E+01     0.11033484E+01     0.24228215E-01
   68    0.67000002E+00     0.11340714E+01     0.11076789E+01     0.26392460E-01
   69    0.68000001E+00     0.11572301E+01     0.11110339E+01     0.46196222E-01
   70    0.69000000E+00     0.11360129E+01     0.11136662E+01     0.22346735E-01
   71    0.69999999E+00     0.11490421E+01     0.11157750E+01     0.33267140E-01
   72    0.70999998E+00     0.11253697E+01     0.11175133E+01     0.78563690E-02
   73    0.72000003E+00     0.10772390E+01     0.11189951E+01    -0.41756034E-01
   74    0.73000002E+00     0.11204666E+01     0.11203034E+01     0.16319752E-03
   75    0.74000001E+00     0.11334248E+01     0.11214966E+01     0.11928201E-01
   76    0.75000000E+00     0.10885497E+01     0.11226153E+01    -0.34065604E-01
   77    0.75999999E+00     0.11346215E+01     0.11236869E+01     0.10934591E-01
   78    0.76999998E+00     0.11289296E+01     0.11247292E+01     0.42004585E-02
   79    0.77999997E+00     0.11665504E+01     0.11257535E+01     0.40796876E-01
   80    0.79000002E+00     0.11093605E+01     0.11267674E+01    -0.17406940E-01
   81    0.80000001E+00     0.11469547E+01     0.11277752E+01     0.19179463E-01
   82    0.81000000E+00     0.11474881E+01     0.11287793E+01     0.18708825E-01
   83    0.81999999E+00     0.11323647E+01     0.11297816E+01     0.25831461E-02
   84    0.82999998E+00     0.11091560E+01     0.11307827E+01    -0.21626711E-01
   85    0.83999997E+00     0.10916553E+01     0.11317834E+01    -0.40128112E-01
   86    0.85000002E+00     0.10951246E+01     0.11327837E+01    -0.37659049E-01
   87    0.86000001E+00     0.11409264E+01     0.11337838E+01     0.71425438E-02
   88    0.87000000E+00     0.11245583E+01     0.11347839E+01    -0.10225534E-01
   89    0.88000000E+00     0.10895149E+01     0.11357839E+01    -0.46269059E-01
   90    0.88999999E+00     0.11682916E+01     0.11367840E+01     0.31507611E-01
   91    0.89999998E+00     0.11520878E+01     0.11377839E+01     0.14303923E-01
   92    0.91000003E+00     0.11683604E+01     0.11387839E+01     0.29576421E-01
   93    0.92000002E+00     0.11873581E+01     0.11397840E+01     0.47574162E-01
   94    0.93000001E+00     0.11044245E+01     0.11407839E+01    -0.36359429E-01
   95    0.94000000E+00     0.11258463E+01     0.11417840E+01    -0.15937686E-01
   96    0.94999999E+00     0.11546820E+01     0.11427840E+01     0.11898041E-01
   97    0.95999998E+00     0.11008153E+01     0.11437839E+01    -0.42968631E-01
   98    0.97000003E+00     0.11084206E+01     0.11447840E+01    -0.36363363E-01
   99    0.98000002E+00     0.11195966E+01     0.11457839E+01    -0.26187301E-01
  100    0.99000001E+00     0.11090573E+01     0.11467839E+01    -0.37726641E-01
  101    0.10000000E+01     0.11073343E+01     0.11477840E+01    -0.40449739E-01

              STD                   NE - PARAMETER                      SUPPORT PLANE
  PARA       ERROR             LOWER             UPPER             LOWER             UPPER
    1    0.70632366E-02    0.98110938E+00    0.10093623E+01    0.96698290E+00    0.10234888E+01
    2    0.17024050E-02    0.49366328E+00    0.50047290E+00    0.49025846E+00    0.50387770E+00
    3    0.32783097E-02    0.93257204E-01    0.10637045E+00    0.86700588E-01    0.11292706E+00
    4    0.49071084E-02    0.42733867E-01    0.62362302E-01    0.32919653E-01    0.72176516E-01

  NONLINEAR CONFIDENCE LIMITS
 PHI CRITICAL = 0.98472297E-01
  PARA       LOWER B         LOWER PHI           UPPER B         UPPER PHI
    1    0.97798699E+00    0.98465808E-01    0.10124999E+01    0.98472275E-01
    2    0.49118343E+00    0.98345235E-01    0.50302720E+00    0.98471746E-01
    3    0.88410057E-01    0.98639734E-01    0.11186021E+00    0.98524526E-01
    4    0.40950719E-01    0.98326951E-01    0.64388886E-01    0.98472267E-01
 
