&PARTICLE_PARS_LIST
 PARTICLE_PARS%NAME="H ",
 PARTICLE_PARS%ETA2=  1.5102436205230034     ,
 PARTICLE_PARS%N0= 0.37384538786260146     ,
 PARTICLE_PARS%E0= -2.3710000000000000     ,
 PARTICLE_PARS%LAMBDA=  1.8651906075878388     ,
 PARTICLE_PARS%V0=  3.0466781821721072     ,
 PARTICLE_PARS%KAPPA=  2.7575953205465438     ,
 PARTICLE_PARS%S0= 0.68041099999999999     ,
 /
