&LATTICE_PARS_LIST
 LATTICE_PARS%NAME="Au",
 LATTICE_PARS%ETA2=  3.7995566094961100     ,
 LATTICE_PARS%N0=  0.036367527223622083 ,
 LATTICE_PARS%E0= -3.7999999999999998     ,
 LATTICE_PARS%LAMBDA= 0.72374302115324141     ,
 LATTICE_PARS%V0=  7.6532489335328595     ,
 LATTICE_PARS%KAPPA=  6.8706309208431886     ,
 LATTICE_PARS%S0=  1.6417400000000000     ,
 /
